114
59 5 6 10 18 1 19
17 4 10 15 11 3
36 4 2 20 18 14
64 4 14 2 15 14
89 6 6 8 14 10 19 7
180 9 19 8 8 5 14 15 10 20 5
52 15 8 1 9 13 12 14 5 13 7 4 1 15 9 17 13
200 15 17 18 5 12 19 4 14 5 1 3 11 10 18 20 4
73 8 7 18 7 5 12 10 17 5
173 9 4 14 1 12 13 18 2 6 11
235 12 16 8 10 20 6 1 1 10 3 10 7 12
145 15 16 7 20 8 18 18 4 13 7 11 12 20 8 8 4
140 14 1 18 14 7 14 18 2 18 12 17 15 13 4 16
8 9 7 20 5 17 10 10 20 16 13
113 15 6 20 9 1 2 6 2 6 18 12 7 14 15 17 19
126 11 4 18 4 17 10 11 7 2 14 16 7
97 12 14 8 13 1 3 14 2 6 3 7 3 12
188 10 18 8 5 10 19 3 1 12 20 12
1 15 17 4 1 16 6 6 2 9 20 10 14 16 12 13 15
247 14 5 14 10 13 8 20 16 19 6 6 10 8 8 19
18 15 4 17 1 16 2 20 2 15 8 16 14 17 20 14 15
48 7 14 4 5 13 5 3 7
167 14 13 4 5 20 14 7 16 3 15 18 4 2 14 20
256 14 11 9 11 2 7 11 18 20 13 7 18 12 9 8
58 9 11 5 10 17 8 1 12 12 2
19 11 16 19 5 4 3 14 16 8 18 13 18
15 8 2 6 11 20 19 15 8 20
119 12 4 3 16 10 6 4 19 6 15 17 16 17
7 11 2 19 10 15 9 7 16 8 3 3 14
92 14 15 11 2 7 7 10 6 7 10 20 11 20 14 20
234 14 12 4 6 16 13 2 10 17 16 8 5 17 3 1
93 8 7 6 10 1 12 8 19 19
193 13 8 5 6 5 11 14 15 20 13 20 17 14 8
79 7 19 8 6 4 14 5 7
146 11 12 18 6 17 6 6 12 5 7 18 12
28 9 19 10 13 5 16 5 18 6 5
79 14 8 17 4 3 11 4 17 4 13 4 19 7 1 16
40 7 4 3 18 15 16 11 18
48 8 9 20 7 8 20 3 7 17
210 13 9 4 8 6 10 13 6 18 20 17 15 17 3
92 10 5 6 16 8 18 13 8 12 17 15
56 6 14 6 7 20 19 8
114 14 2 7 10 20 2 12 11 10 19 10 2 19 4 15
44 15 4 2 14 5 9 11 16 4 11 12 6 13 7 2 17
139 9 12 6 16 8 14 11 11 20 9
153 8 11 13 7 18 10 14 14 12
120 12 10 1 7 7 4 18 5 12 15 18 18 17
15 9 17 11 20 4 16 3 12 9 10
20 9 13 2 7 16 17 9 18 10 10
186 14 13 2 13 5 13 19 18 11 17 16 12 13 8 12
2 6 17 16 5 3 12 7
28 11 8 1 20 4 1 18 5 9 18 19 9
16 7 19 20 10 19 11 10 17
152 8 13 10 20 15 11 11 4 6
187 12 19 11 3 18 2 7 6 4 12 10 16 1
256 13 13 6 10 1 4 17 7 15 3 2 6 6 7
245 13 13 18 10 14 1 13 16 15 16 18 20 3 5
169 11 17 15 5 19 10 9 3 17 11 11 5
60 9 1 20 5 17 5 11 3 11 14
166 9 9 11 15 4 5 3 13 13 5
121 14 13 8 7 17 11 19 6 11 14 19 11 4 12 18
122 14 20 9 5 14 7 17 18 19 14 10 2 10 11 2
72 6 14 9 8 9 14 7
47 8 19 19 10 3 3 18 6 14
1 11 17 20 1 4 20 9 18 1 5 6 9
13 15 3 6 1 16 12 19 18 1 2 7 12 9 15 20 1
19 11 9 17 10 10 2 4 2 11 7 15 15
41 10 8 6 13 15 11 8 12 14 4 3
147 8 17 1 15 10 6 8 17 6
18 15 2 2 9 14 17 8 9 7 1 15 16 13 1 5 8
86 6 6 13 15 8 8 6
113 6 3 8 11 1 5 9
12 11 6 7 6 20 19 12 20 4 8 5 5
116 14 9 20 3 20 16 15 20 7 6 19 3 3 19 10
65 10 8 11 18 16 11 18 19 20 17 19
207 11 18 17 19 6 20 12 7 8 12 16 1
224 13 11 20 17 19 16 19 6 13 15 19 7 16 17
66 8 5 6 6 7 6 2 19 15
154 13 5 13 15 4 8 9 15 1 10 12 14 11 9
84 9 8 15 20 1 4 14 3 12 13
112 9 8 18 3 18 13 13 7 18 11
215 12 16 10 12 7 5 18 9 5 1 1 3 16
80 7 13 14 16 16 15 6 18
221 14 7 8 1 13 5 10 4 2 10 17 9 7 4 10
122 12 10 11 17 20 19 18 16 8 20 3 3 9
94 7 3 2 9 7 14 10 15
41 12 17 2 5 12 10 13 16 5 17 15 6 18
115 8 13 4 10 4 9 20 20 11
65 9 14 1 15 5 7 10 17 2 11
79 8 4 20 4 10 2 8 12 10
16 8 16 14 9 16 7 5 17 16
72 15 2 12 7 12 17 8 4 11 4 14 8 13 17 16 9
169 11 19 12 5 18 12 5 16 3 13 13 20
40 14 20 14 6 10 14 11 7 7 11 18 18 1 1 20
39 7 4 7 1 19 17 5 4
84 12 17 1 4 1 2 17 1 20 19 14 12 3
213 13 12 17 7 7 10 4 6 4 6 11 13 5 17
37 6 14 5 4 5 8 13
174 10 8 13 12 20 1 1 3 15 18 9
168 13 6 6 10 20 8 16 11 18 16 5 14 6 6
90 6 3 11 12 2 16 14
138 10 15 15 13 1 15 2 1 18 3 7
246 14 15 14 10 11 6 11 13 20 1 9 20 12 4 12
27 10 16 9 3 10 8 19 12 1 3 2
1033 71 20 11 20 2 5 12 19 14 9 17 5 17 4 10 9 15 12 6 9 13 1 6 12 3 8 3 1 20 11 17 17 1 3 11 4 2 10 1 17 2 19 3 1 3 13 3 13 4 20 17 11 9 17 8 18 19 8 4 9 7 20 7 12 7 16 17 15 15 18 2 14
418 23 9 2 10 11 20 19 10 15 15 18 12 20 5 10 9 11 17 13 3 1 12 18 3
656 46 11 20 6 16 20 17 3 13 4 18 8 9 13 4 7 19 2 10 14 14 2 3 13 5 5 18 8 19 5 11 18 6 8 15 6 10 19 12 5 10 10 9 15 14 17 6
2083 116 8 6 6 8 7 14 13 11 20 16 18 14 17 12 10 13 10 13 17 13 4 9 19 17 14 16 14 14 6 20 8 20 9 15 18 5 2 7 9 2 14 7 18 19 14 19 7 10 19 11 17 14 13 4 11 6 16 2 19 9 9 9 3 15 5 5 20 5 20 6 2 14 11 14 6 12 6 8 9 12 17 15 11 9 19 7 9 8 12 12 8 20 9 6 10 1 1 2 16 9 3 19 12 16 17 4 17 13 7 18 11 12 13 13 13 12
1075 61 1 17 6 7 7 5 14 5 2 17 10 2 19 12 3 14 17 14 20 19 20 10 20 14 4 16 1 16 3 1 3 5 17 16 16 18 2 5 1 7 17 8 18 15 12 18 8 8 5 14 18 7 12 5 5 13 7 17 17 9 16
570 134 18 12 12 6 10 4 7 4 20 10 19 7 13 9 20 17 14 4 2 9 5 3 10 9 9 2 9 13 4 5 5 13 15 10 1 8 7 13 5 16 14 7 7 12 11 2 11 11 10 19 2 2 8 6 14 2 12 19 7 7 6 12 9 20 15 10 10 17 20 13 5 18 20 20 10 11 17 18 11 14 13 8 16 6 14 13 6 10 1 13 16 3 18 9 9 7 16 2 1 18 18 15 10 5 5 19 11 1 17 5 12 17 5 10 19 18 14 10 1 4 11 6 5 12 6 11 20 12 4 2 17 10 18 9
2840 142 13 8 1 18 5 18 14 20 11 11 3 16 9 9 11 9 20 12 15 10 11 6 11 4 6 5 5 16 3 13 16 14 1 5 7 1 10 12 1 8 13 18 8 9 8 15 13 3 13 11 20 8 7 2 14 4 8 17 5 6 20 17 1 8 20 6 17 17 6 19 13 2 18 5 19 16 2 15 13 9 10 14 9 5 20 6 16 20 19 5 5 8 9 8 8 6 8 1 2 16 12 18 17 4 14 8 4 11 4 4 17 17 12 2 9 2 16 14 4 5 15 17 13 18 1 11 14 14 10 18 4 2 10 10 6 10 17 19 12 1 14 16
2375 131 7 20 19 6 16 17 16 2 13 12 2 1 2 15 13 3 20 17 15 2 6 11 11 8 3 15 1 12 17 15 6 6 5 5 4 2 12 14 4 20 18 18 10 7 11 18 13 7 10 20 4 4 18 9 3 5 10 7 7 20 3 9 19 10 8 20 11 14 4 11 18 2 2 5 14 9 1 13 20 4 12 18 14 15 7 11 4 11 2 2 7 11 9 12 12 1 4 10 2 7 19 19 1 1 6 13 20 2 4 1 7 17 10 9 20 19 16 14 6 20 18 6 19 8 13 9 19 7 3 11 12
1188 110 6 4 9 16 20 13 16 9 2 11 12 3 3 20 9 20 6 13 16 1 19 16 8 1 13 13 15 6 18 14 5 5 3 17 11 14 8 15 1 12 16 9 1 9 20 7 1 20 5 8 2 12 19 8 18 18 2 10 2 2 10 5 3 12 8 1 3 16 4 13 13 7 5 17 17 19 16 9 17 11 18 16 20 19 4 8 5 4 4 14 7 2 2 1 20 15 12 1 19 18 7 16 19 13 9 15 18 12 6 6
1021 117 6 12 16 14 2 13 7 5 16 7 15 20 11 19 1 14 12 13 2 5 4 20 16 17 3 9 10 15 12 10 11 2 17 4 18 2 7 6 12 10 2 4 14 19 13 13 8 17 14 12 7 5 15 5 3 19 19 1 8 3 10 7 19 1 19 18 12 10 2 18 13 3 15 11 3 19 3 20 6 16 5 14 19 18 2 17 20 10 9 15 1 3 10 9 16 3 3 17 11 5 2 12 4 16 7 10 8 8 1 4 18 19 12 15 13 1 18
