100
10 1 2 7 7
10 2 5 5 5
10 3 6 3 8
10 4 4 5 8
10 5 4 1 7
10 6 6 1 7
10 7 6 5 1
10 8 3 4 7
10 9 3 7 1
10 10 8 6 7
50 50 6 5 5
50 50 1 3 7
50 50 7 1 5
50 50 2 9 1
50 50 4 8 7
50 50 7 5 4
50 50 4 6 2
50 50 9 4 9
50 50 6 7 4
50 50 5 4 7
50 50 2 9 8
50 50 5 8 4
50 50 8 3 7
50 50 9 6 6
50 50 8 4 1
50 50 5 8 5
50 50 4 0 4
50 50 8 1 1
50 50 7 8 0
50 50 1 5 8
100 100 32 45 85
100 100 12 71 90
100 100 36 89 15
100 100 24 97 86
100 100 78 28 55
100 100 18 45 93
100 100 71 0 49
100 100 32 11 43
100 100 72 13 53
100 100 0 31 22
100 100 45 69 83
100 100 17 59 67
100 100 58 26 79
100 100 55 12 67
100 100 84 68 92
100 100 29 61 22
100 100 81 62 41
100 100 44 57 12
100 100 57 10 96
100 100 41 32 69
1000 1000 781012876 489778739 261947942
1000 1000 362245113 825671624 325691724
1000 1000 718574991 973039847 89302574
1000 1000 897838324 881263941 836492070
1000 1000 369105280 722996479 581771653
1000 1000 797018846 816914827 17509013
1000 1000 350238065 949252737 967338345
1000 1000 897563400 797445783 458299027
1000 1000 292720273 915711397 32491138
1000 1000 702441536 694891324 639082579
1000 1000 195012348 160588568 143325178
1000 1000 234629601 130791779 315477770
1000 1000 782748384 380214383 455394864
1000 1000 870858942 730911204 445088509
1000 1000 565043424 902930536 957390667
1000 1000 625537696 112546033 928998805
1000 1000 7641384 154486871 77211542
1000 1000 729100153 896196503 918893989
1000 1000 395682551 283071128 446714271
1000 1000 25021934 562803724 304668751
10000 10000 427119305 655899303 558736428
10000 10000 205966975 232565817 252508776
10000 10000 520005954 673580372 636293052
10000 10000 796347996 974255835 725649814
10000 10000 410404668 25895021 174004540
10000 10000 612480398 75354600 963355800
10000 10000 92811014 321765585 747292527
10000 10000 457736269 82415570 596147142
10000 10000 131707808 631876043 634783266
10000 10000 67444637 313501401 517285176
10000 10000 74869415 118306456 379088589
10000 10000 508730872 608673744 473162752
10000 10000 574445436 374361887 917843586
10000 10000 162723312 931544314 74731750
10000 10000 668112992 72341888 534485369
10000 10000 927272298 351407234 192637241
10000 10000 363362403 914345504 465966798
10000 10000 559547885 476744838 248102390
10000 10000 168166675 244180353 899312138
10000 10000 464780034 487893373 274980573
100000 100000 172201966 650869498 86596520
100000 100000 186331935 151438825 859908298
100000 100000 453140812 24617204 737139878
100000 100000 101414954 649633387 835737498
100000 100000 85063318 515188806 683198301
100000 100000 988072522 646322161 55188844
100000 100000 154031655 696124352 196219843
10 10 0 0 0
1000000 1000000 118171553 750699251 92527148
774 680 343544224 198528987 220568893
