Population size: 100
Mutation rate: 0.05
Random ones: 10
Max force: 2.0
-----------------------
schema:
generation number	all time best	all time best time
1	0	500
2	0	500
3	0	500
4	0	500
5	0	500
6	0	500
7	0	500
8	1	106
9	3	104
10	8	103
11	8	103
12	8	103
13	8	100
14	8	100
15	8	100
16	8	100
17	9	100
18	9	98
19	9	98
20	9	98
21	9	98
22	9	98
23	9	98
24	9	98
25	9	98
26	9	98
27	9	98
28	10	98
29	10	98
30	10	98
31	10	98
32	10	98
33	10	98
34	10	98
35	10	98
36	10	98
37	10	98
38	10	98
39	10	98
40	10	98
41	10	98
42	10	95
43	10	95
44	10	95
45	10	95
46	10	95
47	10	95
48	10	95
49	10	95
50	10	95
