Population size: 100
Mutation rate: 0.05
Random ones: 10
Max force: 2.0
-----------------------
schema:
generation number	all time best	all time best time
1	0	500
2	0	500
3	0	500
4	0	500
5	0	500
6	0	500
7	0	500
8	0	500
9	0	500
10	0	500
11	0	500
12	0	500
13	0	500
14	0	500
15	0	500
16	0	500
17	0	500
18	1	139
19	2	136
20	2	136
21	2	132
22	4	127
23	5	109
24	5	109
25	5	109
26	6	109
27	6	109
28	6	109
29	6	109
30	6	109
31	6	109
32	6	109
33	6	109
34	6	107
35	6	106
36	6	104
37	6	103
38	6	103
39	6	103
40	6	103
41	6	103
42	6	103
43	6	103
44	6	103
45	6	103
46	6	103
47	6	103
48	6	103
49	6	103
50	6	103
