Population size: 300
Mutation rate: 0.1
Random ones: 60
Max force: 2.0
-----------------------
schema:
generation number	all time best	all time best time
1	0	500
2	0	500
3	0	500
4	0	500
5	1	297
6	1	297
7	1	203
8	1	203
9	1	203
10	1	203
11	1	203
12	1	203
13	1	203
14	1	203
15	1	203
16	1	203
17	1	203
18	1	130
19	1	120
20	1	120
21	1	120
22	3	120
23	3	120
24	3	120
25	3	117
26	7	108
27	7	108
28	8	101
29	8	101
30	8	101
31	8	101
32	8	101
33	8	101
34	8	101
35	8	101
36	8	98
37	8	98
38	8	98
39	8	98
40	8	98
41	11	98
42	11	98
43	11	98
44	11	98
45	14	98
46	14	98
47	14	97
48	14	96
49	16	95
50	16	93
