Population size: 200
Mutation rate: 0.05
Random ones: 10
Max force: 2.0
-----------------------
schema:
generation number	all time best	all time best time
1	0	500
2	0	500
3	0	500
4	0	500
5	1	127
6	9	115
7	9	111
8	9	107
9	10	104
10	16	99
11	16	99
12	16	99
13	16	99
14	16	99
15	16	99
16	16	96
17	18	96
18	18	95
19	18	95
20	18	95
21	18	95
22	27	95
23	27	95
24	27	95
25	27	95
26	27	95
27	27	95
28	27	93
29	27	93
30	27	93
31	28	93
32	29	92
33	29	92
34	29	92
35	29	92
36	29	92
37	34	92
38	34	92
39	34	92
40	34	92
41	34	92
42	34	92
43	34	92
44	34	92
45	34	91
46	34	91
47	34	91
48	34	90
49	34	90
50	34	90
